name,trial,deck,reward,penalty,gain,total,response_time,touch_speed,hh_mm_ss,YYYY_MM_DD
pp,1,A,100,-0,100,2100,3023,87,13_39_6,2019_11_26
pp,2,B,100,-0,100,2200,365,62,13_39_6,2019_11_26
pp,3,C,50,-0,50,2250,368,74,13_39_6,2019_11_26
pp,4,D,50,-0,50,2300,300,41,13_39_7,2019_11_26
pp,5,A,100,-0,100,2400,317,59,13_39_7,2019_11_26
pp,6,B,100,-0,100,2500,300,61,13_39_7,2019_11_26
pp,7,C,50,-0,50,2550,317,60,13_39_8,2019_11_26
pp,8,D,50,-0,50,2600,264,43,13_39_8,2019_11_26
pp,9,A,100,-150,-50,2550,299,39,13_39_8,2019_11_26
pp,10,B,100,-0,100,2650,301,40,13_39_9,2019_11_26
pp,11,C,50,-50,0,2650,350,58,13_39_9,2019_11_26
pp,12,D,50,-0,50,2700,266,43,13_39_9,2019_11_26
pp,13,A,100,-0,100,2800,317,75,13_39_9,2019_11_26
pp,14,B,100,-0,100,2900,266,61,13_39_10,2019_11_26
pp,15,C,50,-0,50,2950,316,71,13_39_10,2019_11_26
pp,16,D,50,-0,50,3000,300,60,13_39_10,2019_11_26
pp,17,D,50,-0,50,3050,217,45,13_39_11,2019_11_26
pp,18,C,50,-50,0,3050,302,62,13_39_11,2019_11_26
pp,19,B,100,-0,100,3150,332,94,13_39_11,2019_11_26
pp,20,A,100,-300,-200,2950,536,127,13_39_12,2019_11_26
pp,21,B,100,-0,100,3050,297,75,13_39_12,2019_11_26
pp,22,C,50,-0,50,3100,332,74,13_39_12,2019_11_26
pp,23,D,50,-0,50,3150,301,43,13_39_13,2019_11_26
pp,24,D,50,-0,50,3200,366,42,13_39_13,2019_11_26
pp,25,C,50,-50,0,3200,367,59,13_39_13,2019_11_26
pp,26,C,50,-0,50,3250,550,75,13_39_14,2019_11_26
pp,27,B,100,-0,100,3350,432,95,13_39_14,2019_11_26
pp,28,A,100,-0,100,3450,368,128,13_39_15,2019_11_26
pp,29,B,100,-0,100,3550,332,93,13_39_15,2019_11_26
pp,30,C,50,-50,0,3550,351,77,13_39_15,2019_11_26
pp,31,D,50,-0,50,3600,417,89,13_39_16,2019_11_26
pp,32,C,50,-50,0,3600,349,91,13_39_16,2019_11_26
pp,33,B,100,-1250,-1150,2450,451,108,13_39_17,2019_11_26
pp,34,A,100,-200,-100,2350,382,107,13_39_17,2019_11_26
pp,35,D,50,-0,50,2400,282,62,13_39_17,2019_11_26
pp,36,C,50,-0,50,2450,366,58,13_39_18,2019_11_26
pp,37,B,100,-0,100,2550,435,122,13_39_18,2019_11_26
pp,38,A,100,-0,100,2650,349,112,13_39_18,2019_11_26
pp,39,C,50,-25,25,2675,314,77,13_39_19,2019_11_26
pp,40,D,50,-250,-200,2475,301,59,13_39_19,2019_11_26
pp,41,B,100,-0,100,2575,417,126,13_39_20,2019_11_26
pp,42,A,100,-250,-150,2425,332,91,13_39_20,2019_11_26
pp,43,C,50,-75,-25,2400,318,59,13_39_20,2019_11_26
pp,44,D,50,-0,50,2450,317,77,13_39_20,2019_11_26
pp,45,B,100,-0,100,2550,365,74,13_39_21,2019_11_26
pp,46,C,50,-0,50,2600,349,74,13_39_21,2019_11_26
pp,47,A,100,-350,-250,2350,367,88,13_39_22,2019_11_26
pp,48,D,50,-0,50,2400,318,60,13_39_22,2019_11_26
pp,49,B,100,-0,100,2500,299,41,13_39_22,2019_11_26
pp,50,C,50,-0,50,2550,350,76,13_39_23,2019_11_26
pp,51,A,100,-0,100,2650,299,72,13_39_23,2019_11_26
pp,52,B,100,-1250,-1150,1500,299,39,13_39_23,2019_11_26
pp,53,C,50,-0,50,1550,350,57,13_39_23,2019_11_26
pp,54,D,50,-0,50,1600,317,60,13_39_24,2019_11_26
pp,55,A,100,-350,-250,1350,365,56,13_39_24,2019_11_26
pp,56,B,100,-0,100,1450,316,39,13_39_24,2019_11_26
pp,57,D,50,-0,50,1500,317,41,13_39_25,2019_11_26
pp,58,C,50,-25,25,1525,333,58,13_39_25,2019_11_26
pp,59,A,100,-0,100,1625,334,58,13_39_25,2019_11_26
pp,60,D,50,-0,50,1675,298,60,13_39_26,2019_11_26
pp,61,C,50,-75,-25,1650,300,59,13_39_26,2019_11_26
pp,62,B,100,-0,100,1750,366,57,13_39_26,2019_11_26
pp,63,D,50,-0,50,1800,317,42,13_39_27,2019_11_26
pp,64,A,100,-250,-150,1650,350,75,13_39_27,2019_11_26
pp,65,B,100,-0,100,1750,284,61,13_39_27,2019_11_26
pp,66,C,50,-0,50,1800,299,42,13_39_28,2019_11_26
pp,67,D,50,-0,50,1850,316,58,13_39_28,2019_11_26
pp,68,B,100,-0,100,1950,300,95,13_39_28,2019_11_26
pp,69,A,100,-200,-100,1850,299,57,13_39_29,2019_11_26
pp,70,C,50,-50,0,1850,317,77,13_39_29,2019_11_26
pp,71,A,100,-0,100,1950,334,78,13_39_29,2019_11_26
pp,72,D,50,-0,50,2000,267,45,13_39_30,2019_11_26
pp,73,B,100,-0,100,2100,333,76,13_39_30,2019_11_26
pp,74,C,50,-0,50,2150,317,76,13_39_30,2019_11_26
pp,75,A,100,-300,-200,1950,283,75,13_39_30,2019_11_26
pp,76,D,50,-0,50,2000,315,58,13_39_31,2019_11_26
pp,77,B,100,-0,100,2100,283,42,13_39_31,2019_11_26
pp,78,C,50,-0,50,2150,317,59,13_39_31,2019_11_26
pp,79,D,50,-250,-200,1950,300,42,13_39_32,2019_11_26
pp,80,C,50,-0,50,2000,350,73,13_39_32,2019_11_26
pp,81,A,100,-150,-50,1950,316,91,13_39_32,2019_11_26
pp,82,B,100,-1250,-1150,800,317,56,13_39_33,2019_11_26
pp,83,C,50,-50,0,800,298,74,13_39_33,2019_11_26
pp,84,D,50,-0,50,850,318,58,13_39_33,2019_11_26
pp,85,A,100,-0,100,950,316,93,13_39_34,2019_11_26
pp,86,C,50,-25,25,975,284,74,13_39_34,2019_11_26
pp,87,B,100,-0,100,1075,283,59,13_39_34,2019_11_26
pp,88,D,50,-0,50,1125,316,54,13_39_34,2019_11_26
pp,89,A,100,-0,100,1225,334,60,13_39_35,2019_11_26
pp,90,C,50,-50,0,1225,317,60,13_39_35,2019_11_26
pp,91,B,100,-0,100,1325,332,54,13_39_35,2019_11_26
pp,92,D,50,-0,50,1375,351,77,13_39_36,2019_11_26
pp,93,A,100,-0,100,1475,365,106,13_39_36,2019_11_26
pp,94,C,50,-0,50,1525,268,66,13_39_36,2019_11_26
pp,95,B,100,-0,100,1625,348,74,13_39_37,2019_11_26
pp,96,D,50,-0,50,1675,285,75,13_39_37,2019_11_26
pp,97,A,100,-300,-200,1475,349,93,13_39_37,2019_11_26
pp,98,C,50,-0,50,1525,284,60,13_39_38,2019_11_26
pp,99,B,100,-0,100,1625,316,76,13_39_38,2019_11_26
pp,100,D,50,-0,50,1675,282,42,13_39_38,2019_11_26
