name,trial,deck,reward,penalty,gain,total,response_time,touch_speed,hh_mm_ss,YYYY_MM_DD
도은영,1,C,50,-0,50,2050,2323,26,20_15_41,2019_10_29
도은영,2,B,100,-0,100,2150,5748,44,20_15_46,2019_10_29
도은영,3,A,100,-0,100,2250,3213,29,20_15_50,2019_10_29
도은영,4,D,50,-0,50,2300,1665,28,20_15_51,2019_10_29
도은영,5,D,50,-0,50,2350,1347,28,20_15_53,2019_10_29
도은영,6,C,50,-0,50,2400,1916,60,20_15_55,2019_10_29
도은영,7,B,100,-0,100,2500,1633,62,20_15_56,2019_10_29
도은영,8,A,100,-0,100,2600,2083,44,20_15_58,2019_10_29
도은영,9,A,100,-150,-50,2550,569,45,20_15_59,2019_10_29
도은영,10,B,100,-0,100,2650,3023,29,20_20_4,2019_10_29
도은영,11,D,50,-0,50,2700,1345,39,20_20_5,2019_10_29
도은영,12,C,50,-50,0,2700,1680,46,20_20_7,2019_10_29
도은영,13,A,100,-0,100,2800,1857,46,20_20_9,2019_10_29
도은영,14,A,100,-300,-200,2600,1705,45,20_20_11,2019_10_29
도은영,15,B,100,-0,100,2700,1874,37,20_20_12,2019_10_29
도은영,16,B,100,-0,100,2800,929,46,20_20_13,2019_10_29
도은영,17,B,100,-0,100,2900,524,33,20_20_14,2019_10_29
도은영,18,B,100,-0,100,3000,444,41,20_20_14,2019_10_29
도은영,19,B,100,-0,100,3100,343,41,20_20_15,2019_10_29
도은영,20,B,100,-1250,-1150,1950,193,57,20_20_15,2019_10_29
도은영,21,B,100,-0,100,2050,168,51,20_20_15,2019_10_29
도은영,22,D,50,-0,50,2100,3013,47,20_20_18,2019_10_29
도은영,23,C,50,-0,50,2150,617,36,20_20_19,2019_10_29
도은영,24,C,50,-50,0,2150,712,45,20_20_19,2019_10_29
도은영,25,A,100,-0,100,2250,1095,28,20_20_20,2019_10_29
도은영,26,D,50,-0,50,2300,778,44,20_20_21,2019_10_29
도은영,27,D,50,-0,50,2350,377,33,20_20_22,2019_10_29
도은영,28,A,100,-200,-100,2250,727,36,20_20_22,2019_10_29
도은영,29,D,50,-0,50,2300,1715,37,20_20_24,2019_10_29
도은영,30,D,50,-0,50,2350,577,67,20_20_25,2019_10_29
도은영,31,D,50,-0,50,2400,828,59,20_20_25,2019_10_29
도은영,32,D,50,-250,-200,2200,561,59,20_20_26,2019_10_29
도은영,33,B,100,-0,100,2300,1765,27,20_20_28,2019_10_29
도은영,34,B,100,-0,100,2400,2426,85,20_20_30,2019_10_29
도은영,35,B,100,-0,100,2500,452,92,20_20_31,2019_10_29
도은영,36,B,100,-1250,-1150,1350,485,74,20_20_31,2019_10_29
도은영,37,C,50,-0,50,1400,1331,63,20_20_32,2019_10_29
도은영,38,C,50,-50,0,1400,184,83,20_20_33,2019_10_29
도은영,39,C,50,-0,50,1450,209,116,20_20_33,2019_10_29
도은영,40,C,50,-50,0,1450,159,117,20_20_33,2019_10_29
도은영,41,C,50,-50,0,1450,159,83,20_20_33,2019_10_29
도은영,42,C,50,-0,50,1500,401,83,20_20_34,2019_10_29
도은영,43,C,50,-25,25,1525,192,109,20_20_34,2019_10_29
도은영,44,C,50,-75,-25,1500,192,83,20_20_34,2019_10_29
도은영,45,C,50,-0,50,1550,236,110,20_20_34,2019_10_29
도은영,46,C,50,-0,50,1600,200,84,20_20_34,2019_10_29
도은영,47,D,50,-0,50,1650,1111,53,20_20_35,2019_10_29
도은영,48,D,50,-0,50,1700,512,76,20_20_36,2019_10_29
도은영,49,D,50,-0,50,1750,560,36,20_20_37,2019_10_29
도은영,50,D,50,-0,50,1800,226,108,20_20_37,2019_10_29
도은영,51,C,50,-0,50,1850,711,86,20_20_38,2019_10_29
도은영,52,D,50,-0,50,1900,251,49,20_20_38,2019_10_29
도은영,53,D,50,-0,50,1950,226,33,20_20_38,2019_10_29
도은영,54,C,50,-25,25,1975,259,66,20_20_38,2019_10_29
도은영,55,D,50,-0,50,2025,312,52,20_20_39,2019_10_29
도은영,56,C,50,-75,-25,2000,332,91,20_20_39,2019_10_29
도은영,57,D,50,-0,50,2050,176,50,20_20_39,2019_10_29
도은영,58,C,50,-0,50,2100,594,53,20_20_40,2019_10_29
도은영,59,C,50,-50,0,2100,553,83,20_20_40,2019_10_29
도은영,60,D,50,-0,50,2150,770,57,20_20_41,2019_10_29
도은영,61,D,50,-250,-200,1950,1027,37,20_20_42,2019_10_29
도은영,62,A,100,-0,100,2050,1013,29,20_20_43,2019_10_29
도은영,63,C,50,-0,50,2100,526,33,20_20_44,2019_10_29
도은영,64,A,100,-250,-150,1950,444,32,20_20_44,2019_10_29
도은영,65,B,100,-0,100,2050,970,19,20_20_45,2019_10_29
도은영,66,D,50,-0,50,2100,703,45,20_20_46,2019_10_29
도은영,67,C,50,-0,50,2150,493,58,20_20_46,2019_10_29
도은영,68,B,100,-0,100,2250,436,42,20_20_47,2019_10_29
도은영,69,D,50,-0,50,2300,461,43,20_20_47,2019_10_29
도은영,70,C,50,-0,50,2350,342,50,20_20_47,2019_10_29
도은영,71,B,100,-0,100,2450,384,33,20_20_48,2019_10_29
도은영,72,D,50,-0,50,2500,461,42,20_20_48,2019_10_29
도은영,73,C,50,-50,0,2500,368,41,20_20_49,2019_10_29
도은영,74,C,50,-25,25,2525,376,41,20_20_49,2019_10_29
도은영,75,B,100,-0,100,2625,519,42,20_20_49,2019_10_29
도은영,76,D,50,-0,50,2675,401,41,20_20_50,2019_10_29
도은영,77,B,100,-0,100,2775,418,33,20_20_50,2019_10_29
도은영,78,C,50,-50,0,2775,418,40,20_20_51,2019_10_29
도은영,79,B,100,-0,100,2875,335,40,20_20_51,2019_10_29
도은영,80,D,50,-0,50,2925,436,50,20_20_52,2019_10_29
도은영,81,B,100,-1250,-1150,1775,393,42,20_20_52,2019_10_29
도은영,82,C,50,-0,50,1825,1999,53,20_20_54,2019_10_29
도은영,83,D,50,-0,50,1875,318,65,20_20_54,2019_10_29
도은영,84,C,50,-0,50,1925,285,58,20_20_55,2019_10_29
도은영,85,D,50,-0,50,1975,284,75,20_20_55,2019_10_29
도은영,86,C,50,-75,-25,1950,310,59,20_20_55,2019_10_29
도은영,87,A,100,-350,-250,1700,804,47,20_20_56,2019_10_29
도은영,88,D,50,-0,50,1750,367,67,20_20_56,2019_10_29
도은영,89,D,50,-250,-200,1550,376,58,20_20_57,2019_10_29
도은영,90,D,50,-0,50,1600,210,67,20_20_57,2019_10_29
도은영,91,D,50,-0,50,1650,184,50,20_20_57,2019_10_29
도은영,92,C,50,-50,0,1650,409,49,20_20_57,2019_10_29
도은영,93,D,50,-0,50,1700,234,74,20_20_58,2019_10_29
도은영,94,C,50,-0,50,1750,175,66,20_20_58,2019_10_29
도은영,95,D,50,-0,50,1800,151,58,20_20_58,2019_10_29
도은영,96,C,50,-0,50,1850,224,57,20_20_58,2019_10_29
도은영,97,C,50,-0,50,1900,184,57,20_20_58,2019_10_29
도은영,98,C,50,-25,25,1925,201,59,20_20_59,2019_10_29
도은영,99,D,50,-0,50,1975,309,59,20_20_59,2019_10_29
도은영,100,C,50,-25,25,2000,219,51,20_20_59,2019_10_29
